Average: 0.5167989882480722
Variance: 0.08207644754864396
Standard Deviation: 0.2864898733788752
